camera_matrix:
- - 491.1196977513215
  - 0.0
  - 309.51427155570786
- - 0.0
  - 490.89731469347623
  - 244.46239051425263
- - 0.0
  - 0.0
  - 1.0
dist_coeff:
- - 0.07166165818536438
  - -0.017294682366346396
  - 0.0024805469393882223
  - -0.0026272287248975735
  - -0.49731050974466684